block1.java_method#1#21,/home/gesad/PycharmProjects/Diff/befores/egit/before_86337_5/org.eclipse.egit.ui/src/org/eclipse/egit/ui/internal/repository/RepositorySearchDialog.java_createControl#221#412
