block2.java_method#1#12,/home/gesad/PycharmProjects/Diff/befores/egit/before_1086_1/org.eclipse.egit.core.test/src/org/eclipse/egit/core/test/op/TrackUntrackOperationTest.java_testTrackFiles#66#97
